osnap
147
-44.49999999999999 60.17399999999999
-44.29999999999999 60.14439999999999
-44.099999999999994 60.114799999999995
-43.88256 60.096990000000005
-43.64768000000001 60.09097
-43.412800000000004 60.084950000000006
-43.177920000000015 60.07893
-42.94304000000001 60.07291
-42.7126 60.0587
-42.51405 60.039100000000005
-42.31625 60.01835
-42.1139 59.9968
-41.81275 59.965025
-41.665325 59.949775
-41.511175 59.934325
-41.006475 59.892174999999995
-40.795825 59.870525
-40.587175 59.8484
-40.380525000000006 59.8258
-39.951175 59.778725
-39.75548333333333 59.7578
-39.40741666666666 59.7218
-39.2261625 59.70445
-38.8492125 59.67105
-38.660737499999996 59.65435
-38.278875 59.620799999999996
-38.087125 59.60399999999999
-37.67794090909091 59.562354545454546
-37.43482272727273 59.52946363636364
-37.19170454545454 59.49657272727273
-36.705468181818176 59.43079090909091
-36.46235 59.3979
-36.21923181818181 59.36500909090909
-35.976113636363635 59.33211818181818
-35.732995454545446 59.29922727272727
-35.48987727272727 59.26633636363636
-35.005325 59.20760833333333
-34.765575 59.188825
-34.525825 59.17004166666667
-34.286075 59.15125833333334
-34.046324999999996 59.13247500000001
-33.579825 59.10102500000001
-33.366074999999995 59.094475
-33.17033333333333 59.07958333333333
-32.81486666666666 59.03311666666667
-32.631550000000004 59.0154
-32.253750000000004 58.991
-32.0553 58.9708
-31.6567 58.934425000000005
-31.49345 58.917675
-31.202175 58.8875125
-30.817674999999998 58.8787625
-30.625425 58.8743875
-30.426524999999998 58.840475
-30.220975000000003 58.777025
-30.00841666666667 58.710033333333335
-29.788849999999996 58.639500000000005
-29.56928333333333 58.56896666666667
-29.352366666666665 58.4957
-29.138099999999998 58.419700000000006
-28.923833333333334 58.3437
-28.7171125 58.2720125
-28.517937500000002 58.204637500000004
-28.3187625 58.137262500000006
-28.1195875 58.06988750000001
-27.91473 58.033609999999996
-27.704190000000004 58.02843
-27.493650000000002 58.02324999999999
-27.072570000000006 58.01289
-26.859841666666668 58.00995833333333
-26.644925 58.009275
-26.430008333333333 58.00859166666666
-26.000175 58.00722499999999
-25.78525833333333 58.006541666666664
-25.573150000000002 58.006766666666664
-25.154550000000004 58.009033333333335
-24.945250000000005 58.01016666666668
-24.735950000000006 58.011300000000006
-24.304839285714287 58.012232142857144
-24.070517857142857 58.01069642857142
-23.83619642857143 58.00916071428571
-23.601875000000003 58.00762499999999
-23.13323214285715 58.00455357142856
-22.898910714285723 58.00301785714285
-22.664589285714296 58.00148214285713
-22.43026785714287 57.99994642857142
-22.195946428571443 57.9984107142857
-21.72730357142859 57.995339285714266
-21.492982142857162 57.99380357142856
-21.258660714285725 57.99226785714285
-21.018325 57.97959375000001
-20.771975 57.95578125
-20.525625 57.93196875000001
-20.279275000000002 57.908156250000005
-20.032925000000002 57.88434375000001
-19.786575000000003 57.86053125000001
-19.540225000000003 57.83671875000002
-19.293875 57.81290625000001
-19.04651388888889 57.80652777777778
-18.798141666666666 57.81758333333334
-18.549769444444443 57.8286388888889
-18.30139722222222 57.839694444444454
-17.804652777777775 57.86180555555557
-17.556280555555553 57.87286111111113
-17.30790833333333 57.883916666666686
-17.059536111111107 57.89497222222224
-16.811163888888885 57.9060277777778
-16.562791666666662 57.91708333333336
-16.31441944444444 57.92813888888892
-15.817674999999994 57.95025000000003
-15.569302777777771 57.96130555555559
-15.320930555555549 57.97236111111115
-15.072558333333326 57.983416666666706
-14.824186111111107 57.99447222222224
-14.589488888888887 57.97055
-14.368466666666666 57.911649999999995
-14.147444444444442 57.85275
-13.926422222222222 57.79384999999999
-13.705399999999997 57.73495
-13.484377777777777 57.67604999999999
-13.263355555555552 57.617149999999995
-12.821311111111111 57.49934999999999
-12.611150000000002 57.46940000000001
-12.411850000000001 57.4684
-12.197620833333334 57.45262916666667
-11.739304166666665 57.39154583333334
-11.51014583333333 57.361004166666675
-11.280987499999997 57.33046250000001
-11.051829166666662 57.299920833333346
-10.822670833333328 57.26937916666668
-10.36435416666666 57.20829583333335
-10.135195833333325 57.17775416666669
-9.906037499999991 57.14721250000002
-9.676879166666662 57.116670833333345
-9.45045 57.1027
-8.980892857142859 57.03928571428572
-8.74242142857143 56.996142857142864
-8.503950000000003 56.95300000000001
-8.265478571428574 56.909857142857156
-8.027007142857146 56.8667142857143
-7.788535714285718 56.82357142857145
-7.550064285714289 56.780428571428594
-7.311592857142861 56.73728571428574
-6.8346500000000034 56.65100000000003
-6.596178571428574 56.60785714285718
-6.357707142857146 56.564714285714324
-6.119235714285716 56.52157142857145
